#LAMMPS data file for protein binding

       24  atoms
       22   bonds
       20  angles 

 
Types  
 
1      12
2      15
3      48
4      48
5      48
6      54 
7      48  
8      48
9      48
10     48
11     12
12     17
13     12
14     15
15     48
16     48
17     48
18     54
19     48
20     48 
21     48
22     48
23     12
24     17 

Bonds

1 1   1 2
2 1   2 3
3 1   3 4
4 1   4 5
5 1   5 6
6 1   6 7
7 1   7 8
8 1   8 9
9 1   9 10
10 1 10 11
11 1 11 12
12 1 13 14
13 1 14 15
14 1 15 16
15 1 16 17
16 1 17 18
17 1 18 19
18 1 19 20
19 1 20 21
20 1 21 22
21 1 22 23
22 1 23 24

Angles

1  1 1 2 3 
2  1 2 3 4
3  2 3 4 5
4  2 4 5 6
5  2 5 6 7
6  2 6 7 8
7  2 7 8 9
8  2 8 9 10
9  1 9 10 11
10 1 10 11 12
11 1 13 14 15
12 1 14 15 16
13 2 15 16 17
14 2 16 17 18
15 2 17 18 19
16 2 18 19 20
17 2 19 20 21
18 2 20 21 22
19 1 21 22 23
20 1 22 23 24
