#LAMMPS data file for protein binding

       20  atoms
       18   bonds
       16   angles 
 
Types  
 
1      2
2      7
3      48
4      46
5      47
6      46 
7      46  
8      48
9      17
10     7
11     2
12     7
13     48
14     46
15     47
16     46
17     46 
18     48
19     17
20     7

Bonds

1 1   1 2
2 1   2 3
3 1   3 4
4 1   4 5
5 1   5 6
6 1   6 7
7 1   7 8
8 1   8 9
9 1   9 10
10 1 11 12
11 1 12 13
12 1 13 14
13 1 14 15
14 1 15 16
15 1 16 17
16 1 17 18
17 1 18 19
18 1 19 20

Angles

1  1 1 2 3 
2  1 2 3 4
3  2 3 4 5
4  2 4 5 6
5  2 5 6 7
6  2 6 7 8
7  1 7 8 9
8  1 8 9 10
9  1 11 12 13
10 1 12 13 14
11 2 13 14 15
12 2 14 15 16
13 2 15 16 17
14 2 16 17 18
15 1 17 18 19
16 1 18 19 20

